1010111001101000100001100111100001111011111011101110000001111111000100011100110001000000011100101101101001010110000000001101011101000100011000000011011111010001101101100010111100001000101001100010110011001101101101100100010010001100011101001010100110001000
0101010001000001011001111110000011010010110101000000100111111000101101110100001101101111100000110000111011010100100011100010000100100101000001111110111110110100000010111101010101010101101111111010000100001001001011001111000000010000011111111000100111011010
0011011100001110110110001001011110001110010111001010111011100010010001000001100001111000110101100101001101001000011111101001111010110001011111111100001101010011001011110000001110110010111011111000011000000011000011001100000000001011011010111110110011011011
0000011001001110010101110011000100101000100111100011110111010000111001010001001001110001100101010100000010010110011011101000101111010001000111100101000000010101100100010000110000110110111100010101100000001000011110101101101111010010010010010101101011100011
0000010101111111010110101001101101101111001010111001011100110000110000010110101000101101110110101110111000010111111101010101110101100000001010111101000110011000110110110011110000001010101001000011010010001011111011001011111001100011010111000101010111100000
1011001011100110011101010101001100100001110101110001000000101111100000110100011101000000100011100100000010000010110110100101100110110110000001010011000100010000111111111111010011010000011111100001110011110001101101100010100010100011100000100010011010011110
1001010001001100000011000111001111111111011010010011011001101000110001111110111110011110000000001000001110101010010101110010010001001110100001000010011010010110010101111111001000001000010001001011101010110011111010101101011110110011010111000110100010111011
0000011001100101111011101001110110011110110100010101010010101100101010001000101101000000010100110000100010001011111000001000111101110011001100011011010100111101000000100000001001100100111100010110110110101001110010001010001010001011101001100101100101101000
0000111010001101101001110010000101110010010110000100001101111101011110110101101101101110001101000111000010100010111100101011111111011011001001110000010111000011110011111101011011011010111110100111101011010111010111001100111100110000101111010010010100111010
0011011110001000010000101110100000101011011011000000000110000001011011100000000000100101100000110011101001001011000110010010101100000001101100000010001000110000110110000010001100110011000011000111101001001111000000100001111101011111001111111100110011100110
0111110111100000100110111011111101010011001001011001110001010111010001101101011011101111010101011011011101100000110001110001100001100000011011001111000100000001101001000111110001111000000100010111101110100100001101101111011010100110100111011111101001000101
1010110010011000111001100100000101110100001101011101011001101110011101101001101011100000110101110001011111101011101111101111000110011100111010100011000111000111110100110001010101000011011000101110101111111101011010011110000111111100010100011111110110110100
0011110110110100101011101010100101110101111111101001001101101111000110000101111001101110010101010001000000111011011101100110111111010000011000101111011000011000110110101001111001000100010110001001011101110011111110011000000000100000111110010001000100111111
0000000111001111100100011100011011011000101110000111110000011010101101101011111101000001010111101010110111000101001111010011100111100110010010111000001000001010100010011010110010011101001100110111110100111110010100000010001101010100101010011000010010010000
1101000101100111001010100110101011011000110101101010000010110011110010011001010101001010001001110110101001001001101000010010111101101001000100010110001001110000100001001010011011011011100110100011111011010011110010100111110011100001110011100000010000011010
1001100010001001001010010011001111001001011110110010011000101000100110011110101000010110010110111100101110110111110101100010001111111100111000101110010110110010101011010011001010011000010111101001110111011110011100001011101000111110011111110100101000111101
1110100111100011101000111000101000010000010000110100111010010010001100101111101111010111100000000010001100110010111100000100101100101001010111100011011101111000100000111100110111011101001001011010101001110101110001111011011110101011100110001100001100001100
0111000100110100000001111010110111011001011111111100011110110101110010000111000110110001110101010001001010110001000000011000101101111010111110110100000100101111000010001010001001001010110001100001011110111011011100111111100100001110101010110000101010000011
0110010010000010000101011000011010011111101101001001000100100001110000110100000110010000100101010000011001000111110000010101000000010110001010100100011001101001000010110001011010011111011111111100111111011000001100001100010100101010001101100010010000001010
0001011011110010000111111111001001010110011111101011100010110001100011000110000001111100110000110111011110111111001101110110100111101010101011111001111010001000010111101000101101001100000110111001111110110100000100101010001001100011000010101111011110110011
1011100101001100011000110011000111001111011101011111011010100111001111110001000101000100100011101110001010110100100101111110110000100001000110101001110010001101111101101111011111001000000110000100110000101110010100100100000000011010010100101101110010010010
1110110001101100000000010000011100011011111000100100101101110000100011000110101011000010101010000001000001111010100101011110100001101111001100110110010001001100010111111011001100101101111001001110001000111001011110101001011100101001100000110001011101000110
0011010111101011110111111111100101000000110101010101010111101111010010011001100011100011101110011001000010100000100101110001111011101100111011001001111111100010100000111011111111010100110111100110101101010100111101111010101100110100001000011101101000010110
1001101111011000001100100101111011010101000110110101111001110000001011100111110100011011101011011110000010101111100000010111010101111010010100000000001111010101000001000111111111100011111001111111011100011101011000011110001010101110111100001111111000001100
1001111000100110001110011010000101010111011000010001000110110000111100001010011111000111110110101010000001001110000010101110000101101001100011101100100011011011000100101100010011001110010001101110000110100001101010000000110111110101111111000001011011011000
0110011101100100110001011100100111110110000011110110011100100110011000100100011000011000000011000000010111110001000100100110110110000011100000101111110001010010010011111011001110101100001000011011110011111010100011011010001000101100000101111100001000010111
1011111111000111011100101111000101011000100010101111100011010000010110101000000111101110011010111100100001101110100011100000011100100000110011000001011000001000010010000001101111111011001001001000001001110011000101011111111011011101111100000010111100011010
1001100011111111100111000011010010100111101000011000100110111110100101010110011110110001011100111101110101101010011110011100011100011001110001100011000010011100101000001001110001101001000001011100100100010010010111011111011111101111000000001000101111010111
0001010011001000000011100101110110110111011110100101110100011110100111101010010100011010011100000010100011110101010111101111111011011010100000101111111000110111010110010010000010101001000010011001000101111010001101001010011010100111000101101011011100001101
1110001001110111110101100111010011011100011000101110000011001000001111111011101011011101001101101100011100110011100110010111001111101011000011101110010001101111001100001000010110011010110000100001101010011000001001010000010100011110111111100100000000011001
1000110101000100001001001010110010010000100110000100011110100101000000010110110000001111001000100001000111110110110111010110100000110100111100011000001000011011000000011101101111110110111011011011100011011100011000001000101011001000101111101101111110100101
0011101001100101001110000001110110000110000110011110011011100010010011010101111000101011101001000001011001110001011010101001100010111011001011110111101010000001000001100011100110010011010010000001011000111110111011110100000000101101111010101001100010010001
0111001010000111010111111100101100100000010001101000111010000100011011010111001101011100100000001100111100001001101011011111111110101111101001011101000111110001011101001001100110011010101101111001111010100010011110000101110010111110111110110111110000111110
1111011100011001110000010101000011110000101000111100001001001000111001010010000110110000001101011111100101101110110010010110111001111101001110111111110111100101010101001110101100010011001011110000100011011001001000100010101100110110001001101011000111101000
0111111110111110101011100000000101010101100010000101111110100110111100110111111000111111101100011101110111000000000111001111110011100101000000100101001101110101010110010001111101100010101001101110101001110010000000000100111010000101110101001000000110101000
1011010111010010110110000011010101100111010101110101110111010010100011101011100010101110010101111010110011101100000111001011100000001100000011011110010111000100100011001000100011100111101111101001101001001001111110000111001001111010100000100011101110100001
0101101001000000001100110010011000010110100101101001010010011000001011001011101001100001011111111110011110011111110110111000101010011101000111000001110011101000101001101110111101110111001111101001101010100000111100011100000100100000110110101010011101101100
0100100001111001011110011001101111001011101111010101111011101000100101000111010101010111011111111000100101000110001010101011010110100100001010010110000111010001000110100000111101101100101110110101101100111111000100010101111101111010001110111111110100100010
1001111110111000111001111011000010101010001100111010111110000001011111011110101111100011001001010101001000010101010011011100101111100000001010001001100100110000110110110101101000110000011110111101100110000000000000100011000011101110000000100100111100101100
0111101101100000111100000111110111101010000011000110101010101100010011010011101111011110101001100101101110000100001110000100011011100011111101111000000111110011011010101000011101000011111010111111101111111001101111100001001010101010001101000111001000010111
1010010011101101110101001011100000111110110000110110010010100001010111100001010001000101101100001010000000111011100010100110100001100110001101101100110001011100010001100000110000010010000110111001110110011011100100100101110010011001000111001010000000110001
0000011011100100110000001011010011010111000110110110110011111000100101000011100111111110010110000010111100111100111001000001001100111011100010001001110110000110101010000000100001010001001010001110010010000111010011111111111000001011011100001000101110001110
0101010010110100000100010000010000100011000000001111101101100100001000100100010100010100001011111011001000101111110110010100011011111111101000110111110000001100001011101101111100011111111110110111011101110010011101000111101110011111001000001010110101101011
0000111010010110100010101000011110111011110100110110110010101011000001110111100000011000010111001000111000101101100000101111101001000000010100000100110110000100010010011110110000000111111101100001001010011010010001110000000000000100101000011010111110110100
1000110011001110100110010000100100111111001110100010001001010000010001101010011010010110110110110110101000101010011110101110000001010110001100011100010111010010111110011101100000100111110111110001000111101111001011100110001001010001110111011010101110111011
0100011101010101110011101110110100101100001110001001101111100100011101111101101010100111011001001101010000111000010000101101010100111110001101111111110000001000011100100110001101110100100100101010010000000000110100110100010111110010001001110100111100101101
0101101100001111011101001110011000100110110101000010110001000011001010010000101100110110101100000100001001011100011001011111111011011111010110111111011110001100001110010011000111010101100110111100100101001011100011111101010101101110000000100101010010110100
0100100100100000000000011101101110100100010001101101110000110110100100100100010000101000001110101111001011001001011010000111001110010111011111101000000011111001000010001111101011011100010000101110110100010111001111110110001100111001001010010101001010111001
0001010011010000110111001100101100001000011010011000100110101111110000001001000110101110011100010010110010110101010111110000101110100101101111111100001101111100110101111010100010010101000011000101010111101110010010110011100110011100010011011010111111101110
1010110100110001001110101000110011000001010011101010100000111111111111001100000100110101110000111111011101001010001111000011000011101011110101100011010001101001111010010000110110111101010110010111010010011001010000100101000000101001000000110110001001101001
0111110010001111001000001001000000111011011100010010001001100100111111000111100101101001011011001110010100010000100101000001100001101111111111111000100101101101010111101000111111100100010001100101110010001011101101000000101011100101111111001101100100000100
0100111000111111110010101101001010001111000101011110100000000110110011110100111000010100101010011010011000011111100110000100101010111010011101011100100011001110101100111001110001011111011100000111000100101101011000100010110111011000110010011111101111000011
0001011101010011101010001000011010001111111110000111011111111100100010101011001110011010100010100101100101011101000101000001010010100111110010110001101101101100100010101110101100000111101010010011000011001010000011100101100111011010100100100101000010001010
0111010110010110010110100101011011110101010001110100110111110011100101000000111001011010101000100010100101100101000101101000010111101010110100000100010000000011110111100110101111110010011010011000110000010101010110101001100000101101100100001111111011100110
1000101111011111010101110100011011000011100111010000110100011110010010110101100100011000001110101101100110000000001001000111101010110101110110100000000011101100101110011000000000000001101010100011010101001011110100110001011010000010110001011001010100001011
0110100101100111110011111111100011011101011010000001110111000001110000000101001010101110011011000010110101001100111100110011010001110100001011011101010000101101010010110010101011010010010001110011001100100000101111010010111011111000110110101100001001000001
1100010100001000100101110110111000101111001100110101010101100100111010110100111101000011111101011110101011000000100010101001100011001101011011000101111011111110001111000001110100010011100110110001011010001001000001001010001011010111110010100101001110110001
0000100110110110011100010001000001101110101110100110111011100100010101010101001010000101011010111110111100000001001010001100110111100010011011100101101000111100010001001110100111001011001111011011011110101010111010010111010111010001001100010111111100011000
1101101100101111010101011000001111001100010100001011010110011100001101100010010111010111110000100010110111110100001010111111101101010001010000000000011000111111011011111101100100110010100011110011001111001000111100110110001011011101001111101011000101101010
1111010001111110101001100011000011111111000111111011100101101100011100010000101000000010100011000111100100100001001000011110010000110110000011111000101011010101110111110011110010001000110100011100011011100011010110001001000110000101000001000000000000101010
0100110110011011011010010011010000111110111011110110101101100100110101110111010001011001111100101110001011110100101001011101101110101000100110100011010101001010000101001010011010111001111010010111011110111011010111100001100111010101000100011100010000110100
1111001001001010100110110001011100000110111010110100001000101011101110001111100010010101111001111100101110010011011101000100001110000110111110001111011100110101101111100010000111100010001010100100010000000001111110001100101011010010001001000111011110100001
1000110111000000110111001001010010000001001001111110010010101001001001001111101010011011011011111001000111101000001101010111000100100100010111111000111100010100111001000011100110101000001011011111010011110101011111110011010111010000011011110001000001100011
1010010001010100011011010100110111100100010000001100000000011001111101000001001010010010000000100010111011100001001110110111001000000101111111000111000000100001101101010001101100001101101101011101010010001101001111001100001100101110010100001110011001001101
1100010001101110001100101110010000001111001100001111101010001001000111011011010101010011011001100101001000111101110111010010111101111010001101010001101100001110001100100010011011000100100110110001001001100010010000010101110111011001110111110010001110001111
0001000110011001001001111010101100000010101001001101000101010100101000010100000011101011110110000100100010000101011111010001000010011010010000000111010111011011100001010111111111110100011011101101010000111110000010001001111000101001000111011011001001110010
0001000001010000001000001111001001011010111010010100100001101001100010001001000010001001111011100011011110010110110011100000000001101010000111101110001111111111101001011000010101110001010101111011100000001110011011110110000101101100010100101010100101001001
1111001011011110001111110111110000110011010111010101010001111101110100001010011000101100011111101101101110110110101011011010100010111000111100110001000101101101000100111000001001100110100001101111101101101000010000010100010111001111101011010111110100000011
0011111010100110001100100110101101100001010011110010000111100100010011110101111110100111101111110011111101110001011010101010000001010111000001100101111010111101001110010010100010111110100010000111110111111111100011010011011000111101010001111111000001011111
0111010110111011100100011000110101110101011110000011010010011000111011110001011110000001000111100001100101010101001001100011111110110100011001001101101101010101110111010100101011001111010011000001101111001110011000110011111101111011111000001100001000110000
0111100010010100000001001111001011111011000010011001100101001001110011111000000110100110000000110111011011011010001110110010001011000101000111011100100001000011111101000011010101001001101100111001001011110101001101001010001010110111000011101010100101100001
0001110111100101101101001101110010101110000011011101101011100101111010011000101011101000011001011110011101111101011000001100101001000110100010101101101000010010110101010001011101110000001100111011111111110001010000001111111010101000111011111111011101010111
1110110101101010111100011101000010001110000101100011100010010011000011010010100010100101100010110111110111110011001011100101100110001111010011111010000011111100111100001010101010010010101011110000001000010011010111111011100000010110111010101010101101011010
0010100111111010000000101110110111101111000111111111101010101110101010111100011111001111001111001111100001000001100001101110011100000100011011001001101011010101111001000101001000110111000010111011011010010111110100000001100001001110111001100110100100110101
1010100111100000110110001111110010010000110010001111101010000001000100101100101010110010110101001110100110100010101110100010110000000010000111100011011010001100110111101010100100001110110100111111001100000010000111111101011100000111111100100000111011010100
1101010011110110110011100110010100010111000011101110100111010001100111001001111010000011110000111100000101010001001111000100111001101101001101011000101111011111100000000111000100010100001100111111111101001001000110111011000111001011100000110101110011111110
1100101001001111010001010010100011011011101111000101000001001101010111001111001111011010000110011000001110000111010010010011010000000111001010001001000001101101111100100010110010100000100011110000111100111110110111101010101110101011010100001010110011100011
0010101110100101111101111011100111101111101111010101010100010001101111001111010000101001000011001110010001100110100000001010110000011010100111100000001110101011010101111010100101011100101000101011111110100001100010100000010110111000010010100111001001101110
1010010011101010001001000101110001101110000001001101011101011001011100110111111000011101101011110000111100011000001111001100011001110001110010010100000001000010101000111100001001001101010011101001011111111011100110011010101011011110001110100111100100100001
0011101100110001110011101101101110000100110010101101001111101000001001010011001001101000111011111011111100001101011011000111000001111001101010111011001010000000011101011110100101001111011011110000001100010001101100001101010001101011111111010000000010110110
0000111010100010010010000110110110100101101101100100110000011110101111011001101110111011011100100010001101111001000101100011001010010100111000100100010111011110101010001011000000001010111000100000000001100100100000011100010010000101011010000111110010011011
0011110101011000111001110101000001110101100010001110101110010100011111000001111000010000011001001110010000111110101000001101101011010000011001001101101011101100001001111011111001101001101010010011100011000110100011101110111110011010110111000001101010000111
0001001011101101010111000000011010100001110010111100100110110011001001011000011011000111100101111011010110100001101110010000111001100010000000110010011001111001111010000000001000010110101011101000000001001111010010000101110010011111010101000101101101110111
1100010000111011101000100010100100100110101001011111110111010000010011100010110001010010111111110001110111010010111010011100000000011010111111100000101011111101101000011000110111101011000110100000001101110110000011111100010010111001011010010111000001000100
1110000011001101011001000101001100000000100010110000000010110010110110101000010000000000001100111010000100010010000000010001010011000110111111111101000000110011111101000110011101100110001000100110010010011011100111011110010001001100111010100100001011010010
1000100010000111111110101101111111100001000001110001101011011100111111010000111101011011110010101011110100110010011110010011001000101111011010011111110101000100110110011110110101010010111111001010001110011001100101011110010110100011010110000100000111110011
0010111100100101001101010010000001010111101011100010010011111111011110000101011000100101011100010101101110111001111100001110011011101000011011100110100011011110000110111111011101111010100011000111110100001111010111001011111100001111110001110101000001100011
0010101011011101011011000100111010000101101011110000100100011111011010000100011101110110111001100111111101101111000011000011101110101001010101010011000001111101111101001011010010110100011001101011011100001100110110111010100011110000000110000011000100100101
0001001110000010001010010110100100001010000001110011010010100110100000000100011001100011001011001011011001111011111010110111010111000101010101010011010101000010110000100100001101010100000111100100110100111101000010001010100111100101010100000100100001011100
0100101101001010110100101000100100111101001000000010000100111101100010110110110111110000010100000001001010100101111111101111001000010111101101111000110010010110111101001011100000100101100101011111011011111010000000111111110001111110001101111111011100011011
0101011001100111011000100101010001100000101110111001010010111110000101101010101001001000011110110000100000010101101000001110110110100001000010100100100010101110110010110111010000111110101010011010001011010000011100001100111110100100001001010101101011110000
1101001011010001110111110001101011101100010010111101010100010111001110011000011011111101100111011011010110110111000111001011100101000011101110001010101100000010010011000111111001111001001110111011111101100000110010001110001100000010100111000010010101101000
1001011100111111101111100000100010111011000110100010000010001000011010100011001011011010100000011111001000001110011000010111110101001110110001011111010001100110011000011001000101001001101110101001001101101111111010100111111111001110000000111111101111010001
1011011011011001110001110100100111010110001000111111001111110101100111111111100011001111000000110101100010000000000111001001000011101010010010011010110101001110001100101110110001110100011100000111101010000010101010001111111000110011101100100000000101011111
1011100000110011011111010111001010100001010011110001111000100001001101000001101101000100111001101111011110000110100110010110000010101111111111101010011000011110100011101110010111111101100011100111100011010001101011001011001010101100100100100001100011111110
1010011101001100111011100011100111110000101101110000010010010001110100011101010100101101100000111011011101001111101101010010010111110010110000100010010011010001111110111010010011110111000100000111110110111110000011101110110111100111100010110110000011010001
1100111000110010100110101110101111101011000001110101001111111100011110000100011011111101000110111010010001010111110001101110101010110100001101010110010101101000110110110100011001000010100001110101101111010110010011101100011100010111110101010011001101101111
1011100010011001000001000111001100000001000101011011110011111010010000101001100010101100000001010010011111101100111111111110011110101010100100110001000110101011101010101111010011111110100111000101111011110011101010010101001010101110001000110010001111011000
0101010001000000010111000001001010001001110110011001001011011101101101010011011011110001000110010100100111110011101111011100111001010011100100110011110001000000100111001101110111101101001001100111001111000011001101000010100110010001101000101111001000110111
1101100101110011110011010100110010001011000010101100011001111100100000000001010100111010001111111110110001100101010101100111000010011011100000101111011000000000001010100100110100011011011100100001000010110100101001110100111111111111100100010101010100111010
0011100010010001100000100001111110000101100001101101110110001110100110101101011001110100100010000001111000111110001100110100100110001000011100110100110100100011001001001111110100011000000001001101101011100000001001001001100100011010101101111011111111000010
1010000101010101110001111011011110110000101011100000101001100001010010110011001001101001100100011011000011111010000110100101100011110101010001000011001111000011100100000000000001110001000001111111010000001001110110110110000101100100100000011011100110010000
1101000000001000111010100110111011010010001101010111111100001100000001111000101101010110110001101110001001010100001010101101010001011111010000010011001001101101000111000001010011110010010101011101011111000001101100101010101011110000000000000111111111101000
1010000000110111000111000101111111111101110101000011000010011100010100111101111110010000101011100110101001110000001111101001111100111011100000010101111010101010101001111110111111100001001000010110001011000101011010100000000011000101000110011010000000000000
0000101001111100111111110010010010000000111111100001010011000101110010000011111011111010100011100101011011100001001100110011110100001100011001001111101000111100000101000110010001110010110000001101001010111111111110101110010100000111001110101011011000000010
1111101100010100111000011011011100110000010000001100001100001100011010111111101011011101000100101100111000110100001000100110110001010111000010001001011010101111010111010011101001101000010011111000101110100000010111110111111011000101111011010101010010001100
0000101010011101010001011010110010001010011000101001111010010011010111000101111010001100101100110101001001111100101011000000011000000100100010000101101101110110110111001000000000110001010001111110010110110110101001101111001110101110111000000000111000000101
1110110001001101101010110100000111100110011101010101011001101110001110111000001011110000110001101010011111111111010110111011100101100100011001110101010110110101011101111011100110110111100010110000011100010110101110110111001001001011000111101001110101101001
1100111110001111010100001110111101111110111010111101101000010000100011100001000110011111000001011000110010110000001110010110000100101100111011001110100011011000010100111011111000100101000010011011001110000110000010011010111010011110110111011010110001011110
0101011001111100001111110101000010101001011111111001110001101110100010010101010000111111011100001000101111000000010101010101001111100011111111010001100010111000110111100001000000110111001101101110001011111111110100000111101010011110001110001110100110000100
0111011110010110010110000111011000111001000111110101110001100011000010110100011100001001111010111110101110101110110000111010101011001101111100111111101010001100001011110001010100110011011101011111000000101011000001010100101010110100110010110101000010101010
1001000110010101100100000101110000000011010111001010010000000000000001111000100001001001101100100101000100110110100000111101110100010000001011001001101011101111000001111010101001011110010100100110001101001101001010001110100101101100000110011110000110100010
1011111111001110011011001100110111010101011101000111011001000011010001000110010001110011111110111101001010000100001100001111100000100010010000110001101010101001011110110100111011101010000100011000010000111010001100010001110010111101110010010111110010101110
1000101011001000011101111001111011001100101001000100011001110001001101011110000010000100111111110010011100100000000010001000110111110010100100110111100000111110000011001010011000100100110001101100000100101001101110011010100011111110100011001110111111101111
0000110100111110101000111001010010000010111000110000010000101100110110101011001101100100110001000111110011101011101000011100000011100100000101001001001111111111111100110100010010111000100111000101110110011010111010010001000010111100000111000100101111111110
1110001001010011111100011100010100010110010011111001000100101000001010010011010110001011011111111010111101000111111011110101000001010000110101010001110101011011111111000010000000011000101000011101001111111111110100110000001111010001100011111101110110110001
1111110010010101000110001111111000011011110100000011011100111000001101010001001001110001010010010111010101001110001111011010110111010100001100100011011100110101010101101011010111011101000010101111001011110101111001101101111110010011111101010111101010111000
0001010101011101000100000111010010101010101011011010010001000011001101101000001110111100000001000110010111111110100100100110110101110000101010101111101100111100011111101010101010101011100010011101111000110011001100010001001001111011100101111001111111101001
1100101001010101101010011110110000110001000010000110111000011011100110010011010101110010001100011010111100100110000001001110111000010100010000000001001111110110101110111010000001101101010001101011010010010010111101000001111100001000001011100010110110010100
0001010111100010000100111101101101010000010001100100011100010101010110111101110100101011011101010000011101110101111001100011010010011011101011101001111001100100111010100001011101011111001111100001100100100010011111011101011100010000111100100011110101000110
1011000111011111000111010000011110100110001111111111010000100011001111111010100111000000110110000010101000000010110010000111101100110111111000011010001010000110011000110010011111001100100001000000000001011000100011011011111010000000011110100000101000011111
1011010001111110110011011010001100110110010001011010110001001010001010101101000101011011111010001100010100110100101000110001001100001010101101010110000000100100100000010110111100100100101011001101111100011101000010110011111000111011011101101111100001110111
1000111100110011100000001010101011001111000000110001001001011110010110110111100000111011111100100001010001101000011110111001011011110101011011000111100000110011011001110010110101110110001001100010101010001001110101001100000001100001101001010011011100110010
1001100000001000111100000010011111100100111111100010000100101010001001010100010010000110100011010110111110111001001010000001110101111110101001100001000100001110011100111111010010001011011001010100001110011001101000101100001001001110110100010110100011011111
1110001001101111001101100010111001111011101010110001111010011110001000110111100000101001000011000100110101000000010110010010010000011000000000001100101011010011010101101100100010011010111110011101001111110011000101110001010001101110011011011011000010011011
1110011000111100111101010001001010011111000111010100101100010111010111110101000101111100101100001010101100100110011001010100100001110010000110101101000010000000011000000010010100000011011001001001001101110100110111001101011111011001110101110101101010101010
1010001110001111000100100001011110110100100011101110110110001111010001011011001110111101111100001011110101001111110100001110110111011101001010101110110101100111110000110011000011001011101100010110101000100101100001110100111100010110010001011010111100111011
0100000011110111101011011110001011111100010001011111010111111010000100001011110001111000101100101101101000111110111011001110110000100100101111100001101111110110010001111000111111010001110100101011100001000110101101010100111010100100010100110000111101110010
0000111001101001001110011100010010111011100100000010011000001011000001111101111010011111110111001001110011100001000100011001101001110011100100001011000001101000101101111100100000110010100001011001110000000100101100110010101000111110100110100110101001011011
0001111011100100011100101000011001111100011001101001011011011011110000100010101001100100011111000110100101011101010000011000111100110110111001001001010011000110101110101111011110111110000011011000001010111110101011001000111010010111110001011011111011000001
0010001111011000011100110010010001001111010101000101010010011011111101010000101001100100101111000011110100011111001001011000111110000010111001101011111011100001001011000001111010000101010110000001111111000001001010001011011011000101101100110010010011110000
1000101011011101101011010101101001000001100011111110011100010111001001110011100011000010011001101011000001111011101000001001101000101101001100010110100001111111100010010100110001001101000111001010111100011011101110010101001010001011011110010001000010101000
1000010011101010011000010111111001101110000100101101101110110010000111110110101111000101010010010000011010001110101111010111111101101100100000110001101110000100110000000000011011000111100110101100100010010001100111101101111010000001111111001000010100010011
0010000111000101101111110100101100000001101110010100011010000100000000011100101010011100101101101001000100010111110110101001111011100110111111000111110010111011011000000111001111000011000010111011011001111100000011110011000101010010111001000001010010110101
0100110000001001000001011111010000010110111011000000111000010010100111101000000011000110011011001010010110111010110111110110010100101110100001011100001110111101111000111101001111101010001011110110100010000110010011001000111001001001001110101101001101100101
0011110101010111010001100101000011100010100111101101101110010011101001001010000101011100111010110111011100101011110000001101110101000110010111000001001011100111001011110101101101011110000111011111000001111000111000010001000111000100001101100001010010110111
1111001000001100011001111011000110000100100001000100011100000110110100111111001011001011001110101111100011101001011110010101111000100100000000101010010100010010000111101101110111111101011010011100010100001010000100001100000110110000010011010000110000100110
1111100110100000000110000100000110100111111111110111111100000011001010111100000011010100100111010101010101011010111110100101001001000011110011101010000110001101001110000011100001010101101000100011110111011011000010101111101111100110011100000101110001111110
0000110111010010110100111100011011001110011000111101100011010110110000011111101011101000111100110010011101111011111110101111111110010100010011110001011101100011010010110111000110010010100100001010000011010001110111101011010111011000101100011100000001100111
0101101101011100010010011011100000111101010101100101110011101101101011010000110101010011101110000111110110011001110111011000000001110100101011100100001101101101110101111010001011011100010011100011110010110000101000001100000000111010000000010000001111011001
0101100100010000001010001001000111011001000011111000001101001110001100010111001101001101001111111101110100100011111001100011111001010000010110001100110100011101100100010001000010000010001111001000101101011010111110100010000100110001110011100011001111111101
0010011001000100100001110001111110011110100110010011100001110011010000010011010111001001101100011111111110011100000011101001000111100011001111110111011111100111100101101010100101000000110101110110001000011011011011010001010001011111011100001101110110010110
0010101100000000001111011101000001010010010100100010111001001011111110101111101000010110011010111001001010110110111100000101100001111010001010011101000010100011100011011001000000101100011010100101011011111111111001101010001001000101011100101000010111110000
0000110101011111011011101001101101110101000001100001110010100010011001111111001101010000010000001101000011101111011101100110110011011010010101101011101100010001100000101101111011101011111101011001010100011010100011001111010110001010001101111110110001100110
0001011111010001100010000100100100000011101101011001101101111001000001011101011011101011110110011001001111110010100000001010111001101010000001010100100001011111111010111101001011101101101000111011000110101000111011100000111010111010000101010111001011000101
0011001000001011101100010010000001101001001100110010010011111111001110010111100101100110101011011100100011101111101100110111010110000001111010101011110101101110010011000101011101010000110011011110011011011101000000010001000111111000001111001001010010111100
1000000001110111100010001000100000010010110101001000101001001000111110011000110110100001101111100010011011010000010001111000010010001101100100101001101001101110110110000010010111101001110011100111011011110111001101111100010000001111000011101011001111110100
1011100000010011011010111001001100000000100101010110111011110110110000011001000000011100110101100000001111110110101011101111011011110011000011011111101011110101010011111111110011100101011001110111111000110101111101000101010011000101100110000110001111001000
1000101101000100000101011010000100100011011001011001001100100111111110011110111001001111101010101011000110101011111000110011101001101000011100111001110100110011111011111001010100010000011100011100111010111101000001010100100110101100111011011011110000010000
0001111000011000110000001101101000111111101101111101000110010011000110010100110010110100101000100110101111000001000010011111100011011101001000000011110011101101100010111101100101010111010000111100110000010000110101100101110000100100100100111111100110000110
1001110010100010001101010100010111100101111111111100011001000111001011100100011100111111001110011010101011010111100011101010111010011110010101001001101100111111100011100110010111001111111100010000110101100011101011110000101101110100010010100101000000010110
1011010010100010110110101111100011111110000011101100110010000001110010010111000110011010010110010111100111110111110010101111010001111110000011000001011010110110000011011000100100110011100111111110001101101110001010100111000100100000010110110011001010111001
0110110111101011101100011100101110100001111010100000101011011100100100011111101111101001100010000100101100011110100010100111011001100010111000011000010011111011001010001100001101101100111010111110110110110000010100111010010101111100111101100110100001100100
0101101000001101110010111010110110101001101001010011000101111010000100011101000001100110110011011011011111011001011010001000100001000101001111010111111101111101000110010101000111001011110100010001000100000111000101010101110010100010011100010000010000111111
1110100111000110111101001101110001011110010001101011110010101100011100000010000100011010010001010100000011011101100010111111010011011110011001110001010100011110001110010110110110011001000010010011010000111100101011111011000001100111100011001100010011111111
1001010111000001000010011101100000101000100100000010011011101100010110000011101100110011001111110010010110000100011000100010111110111001001001001001011110101010110010111111011111000111001100011000011100010101011000100001100000100000101100001011000110000000
1101001111011010001111001001001100000011110010000111111011010110110011100001001000011110110111100100000001101101100100111100011101101101011000100010001101000110000000100100100101000110110100010010101111101001101111100001000001111001101101011011101101001010
1011000101001110101011110000010011111101011101011110000100111110001011110110011100011001010101101000100011010000001101100110101001101100001000010001111011001100110000100001010110000101011001011001010010101110011001110011110010011011011000001101110111010111
1101100011011000001100011100001110010011110010011001010101101110101100001001110011110100000111001110010110001100011010010011111100101100101111111110111110011100110000011100100011001110011101110010010110000001101010111011000001111100100000100101111100000101
0101001011011111001010110110001111000001100110000101111100010100100100000011011011000101100010000011011000101110011101011010011010110010010001000110010111011100110101100000111000010001001111110100101101010111100100101010111100010110011101011011000101010101
1001111001100101110110110100001010101100010000111110001011010011011100101000011000000001111110011001001101100101111010101000101001001101110100001000011101111010110110000010100000100010101000010101111110000010100101111011001011100000100101011001010110100001
1010010110100111101111111011010110101111001010110000011110111111101100001100111000001111100001110000100010011011011101011111011011000001010011110100011101100011110100101100101110011101011010010000010011001010011111011100001000001000110010011100100010010010
0101010100010000000100110110100101100110111001001011100111010000110101101001101000110011110111110101101001101001001000111010101100010110000101101001010111100100101100100000110010111101111101110000000000011010001111001011101101101001000001001001101001001110
0100111110101001000111010010110100111101101001100111110110101101010100010100110110001011011101001001101101010001001001110000011111001101000100010011100100101011101111001110111010100110111110010100100011010110100110001110111011000001110101101010011100100101
0010010100010011000001101001100001001011100101000000110111011110010100110100100110101110001010010010001011001010001100000101001010010101000111010110110001101000000010010011111100111011110010101100100101100010011111000001111000010011101100101110010001110111
1101010111110011100100101110001111011110000001000010010001001110010101011011111111100100000111010011110011101100010010010011111110001000010100100001000101010111111001001111100100011101001100011001101010011001010100101011000100111000101000101001011111011101
1100001100100011010100011100001101000110101000111001000110110010110101011110111011111101110111000000000111100001110100011000001011111100000100001111110110111000111001001010000111000011111011010110000000010001111111000101000010000100101100011100001001000011
0110011110010001000011110110100001001100000010011010101110011011111011110111110011000101000101011100111100010001100100100110111001010100100100100110100101110011010001111110100111000010001000101011100011001010010001001100100001111110100000101101101010000100
0110100001011110100001001101011000011111000110100100110001000100010101001111101100111011111111110100100011100110111010100011100000010110010000011110000001111111100110111001000101101101010100110101100000101111001111010100111111001011101000100001100111100011
1101010110110001000101000100100010111000010010110000100111101110100000100111101101110001100011011010100111000110110110000000101110101110111110101110010000011100010111100011101000100100011100101110010011000110000010011100110100101010111100100101001101111001
0001011100100010010001100111101101000110000011111111001010000110010010010011000111010101100011011110111110111100100110010011010101110011001111000011000001101111001000110001000001101000110000000101100100001001000100110000001011101110010101001011110110110011
0111001000101000011101010000000011010100110010001110101100100111110100100101111001011001001010101110000010101110011110010111000101100101010101100110111111011001001011111111000111101010101101001001100011000011100001001110110011111010110111111110000011000010
1010001001111000100000011000010011001101111001011111111111100101001101111011110100001111001011011101110011111101101100000111010101110110101001111101100011110010100111100000101110000000101100010000100101101110110101111111110010000001111000011111001110011010
0101100101101000110111011000010000111101001101010000101001000000001110000010111011001101001001011101111110100001100010111011010111000101011000110100011101000111000010111011011101100010100010110111101100011100010110110011000001111001110000011101110111011011
1110111000110100001111010001001110101110101111101010101100110001001110100010110011111000011011111110100010001010101100111011110101110011011110110101110011100010110111011000011101010001110011010001010110110100000100001001000010011000110100111101101111010011
0100000110001110111011100110111001001011111010001100001110111110010010101000000101101010111000001101111010110100001100011101000110000011001011101010011011110101010011111010000100111110001000001000111000001111110001100010010110101001101011100010100101110101
1011010100111101111011011101111010110010001111000111011101110001011010010000100011100011000000010111101101110011111011111100001010100010010011100100011111111010100110011010100011010111100011100111110011011111010001010001011000100101010101000101000010111010
1001100111010111000000111000110010101110000111011010001110001001111001011000001100101100100000111111000100100000011101111101111000000011101101011101001111010111011001111100001111111001110101001011100010001110100000111110110011100111111011101100101110100101
1101010000011110000000110000100000101001011100110010000000110100111011110001100101001001010000110011111011101101001100001000111111010111100010010100100100110001110101111100101111111100111110111101111001111000011101100110101001111011101011111001001011001101
1100001100010101110110001000000110110011110101010011011111011000010101010000101100011101000101010000101101101010101011100010111111001110100011001101101100110101000001010011101111001111110101101101000000100011010101110110001011110000010001100110100101001100
0010011011011111100010111110000101101000001110000001000110100110100010010101100110110110100101111110111101110101110011000000111010101001010000110111111111101010000100001001011010100111000101101011010010110001111100010000100001000001000000110000011010010010
1101110011011011010101101011001000111010101000000010110111010010011111101001101101100011110110111100010100011101011010110001001111111101100010001101000000100011000110000010010100000000100101101110011010011011110100010001011111010110101000110110011011111110
0110000100110000010001001010100111111000011001101101101001011001100001000100110010101101001101011111001010101100000110010100111001001100111111111000001100111111011111101010011111011101100010111000011100101010110010000011000010010100010111001000000111010111
1001101111101100100110000110011111101000010100110101111101100011101011010000011100011011101110001110111101000110101000111000100011001101001011011111010110100101100010110011110010111100111101110111101110000111100000011111101110001110010001110110101010100011
1010100100100000110011010010010111100100010000010001100100011000100110110010011011010000001100100011011010010001100101011100100101100011011011011001100101111111001100000111010111111101011100000010000011000010101101000100100100110011111001011101010000000011
0100110011010000111101101100001011100101010111110000000111111000110000101011100110110100001101100100011110001010101101101100010110111001111011001101010000011000011100011010111001000001000100001101100001110000101101000010011011101010101001011101111111100001
1101111110110101101010111010111001100011100110001100011100111110010111001110101011111011100011000010110000100001111000110110100101100001011011111011010101111110000000100001000100011001111100100101101100100110111011010100110101011011000011011010111001010110
0101110110100011011101110001111111000001110111010111000100010101101111101110010101011000001010100101011100001010111011001000001011010110010110101001111011111010110111110101101101000101010010001010101100010100100111100100100110100100100100111000110110101010
0100001111011100101001010111111101000111010100000100001001110010010001100110110101011111011010011011101110000000101111000101111010111000101111101110000011110011110011001110011100000000111100111111011011010110010010011101010111011010101110111101100000000011
0001001100011110011111110110011011111001001110011100110111110011100100000101100010100111000101001111111011101011001011111100010101010011110111011100011010011011110110111100001111101000001100010101110000000110100010010110011001111011010111100101100111111011
1110100100011111010111000101111100110110111110011110011011000111110101001110011100000111011001110000100001001011010001100110001001000100010111111101010001001100010000001000010100001000100111110100100110111101101111101110000010010101110110001010100100100110
1110011000110101111100000100110011010011000000010100100100010011000000100000000000011011110111011001011110100100010111000011111101000010010000101111011011110000101000001010000010111011100010000101001100110011000101000001001100000111010011011001011011100010
0101010000111100111101110010100110000000010100101111011010101100000011010011101010011101111001100101010111000111111101010100111101010000000011100010110110001111010110110111110111011000000111000111101010101101100000001010110101001101011111001001101000010100
0000001000110011011110111001101100100000101100001100011111001100110001011001001001001010111101100100001101010010110011110000110100011101110111101110001001010101100000011000011100100100001111010010011001000110100110100010011010010110000011011001001000001100
0010110110101110101100000011011001010011001101111111111010110110011010111001100011100100101111110110101000100001101010000101010101101001001000110111111111011001111000100110101111000111111011101101101110101010111000110011010100010101011110111010101111010000
1011111100011000010100011101101000011111110011100110101011101011011100011101011000100001000101110000011101000101011001001010101101100000000001100000000100110001011001100100000100101001011001101101011011011000100000100000000110010101000011001001111101101110
1101000001010011110011110010100010010011100100011010101000010001100100000110100001100000100100110110110100010000110110000001010001001111111111110001000100001001011101010100011011000010011111010000111101111010010011010100111110001111110010011111000111100001
0011101011011101000000111001100101110001100111011001010000110000110110110100001101001101100000010011000110100010001111001001011010000011101101001110010011100001001010000111011101110010100110011000000111001111010111100111110010000010010101010101011000110001
0011101111000011110000000010010001110001101000101101101001000010001011101100110110000001111110011110110001010001010110001111010110101101010111000011111000100011001101000010100101010100011010111001101011001001101101100000111010100001100000010100000000011010
0010110000100100001001010101100101110100111101001100001011001010111101000110010100111010011110101100000111111001000100001101111101111100011110100110111101000111100010111011001010110000100111001010000001111010001001111111111000100101010111100100010011100000
1111010010100100010000011110000111001100100111110010000011011001011101111110001001111110010010111001111110110101010101100101011111111000011001100110011001001100011111111111010101110011011101110101000110111101000100001110111101101100110000000011011011000110
0000000110011001010110101101011001000111111011000011001111011111101110000111011110000011100010100011101110001011011110010110110110000111001100000111000010001110111100000000001000000001011100011100100000011111011001000100001111100000011101000110111101001100
1101111001100010101010011000100010111111000001001100101001001001100011011010110010001111111000110111010011000001000101110010011001110110010111011011100000011011110101110001101010000000011111100110111111100001001010011010100111100101011010110111111010000011
1100001011101011101010010010011001001100010101111001000011010110110011110110100000100101101110000011100011001011001101011101001010100100110011000110111011110111101010001010010001011100011000100101100001000100000110101000000010000000101111100111111110100101
1011011110010010101111011111010101000101000001000111010101001011111101100100100101000100000111000001111100010000011001101100101101000010010000101001110010100011101100100100010110100111101100010100010011010000010001111011110110010011110010010000010101110101
0000111001011011110100001111101101111001101010001011010111001110101001110011011110111100010001011111110110001111100011100100100011000010010001110101011001111101001101110111000010001100111001111100011000100011011000011100111001000110100101110011010000010100
0010000100110000011100100100001000000000011011110000011101101001000000111010001010111000100001111110101010011010001100110010111001001100011111111000001001110010100111110101010100100110001001001110000010110110100011011010100011011011100111100101111010000001
1001110010100010111000111111011101011010101100111000111001100000001110100010000000011111010110110101101000010011010100111100110100100001100111010110101011001011101111000011100111001100100010100111001001101010110110100001011001011111011111100111111011111111
0101100110101001001110100111000001111100110000000111111100001101010100100100100011110100110000101110000010001000101010001111101100100101101000110011001110001111101111011011000010110011111011101001100001100101110101011010100000111111100110010000011110100100
0011100000111101011000110010110111011111110001100000011010011001110001110001111100101011010100011001011011100110101000101101001111110010110100010111111001000101010011000110111101010000101111010011001010100010100100010111010001101000010000110110111100000000
1101101100000110000111010010010100010010010000000010111111110101110011010110110111100101010011100001110001010101001111011110010011100100011001101010001111110111001010011111101001101010101100000011010111001101010101110010010011111100000100100100011000000111
0011011001000100000001100100011100000000100110111101111101111001101101100111111001110000011101010100010000011101011001001011110100001011010100100000100001100110110001100000010010001011101101110000111011000101111010011101000100110011101110001010011100010100
1111011110100101110001111001101011010111101011111111100000010100001010100000001110000111110000010111010010010100110001110111010011010010001110111111100110011000001001001010001100010000011011011001100001000010011101100000011111100100001000010100110111110111
0010111110000010010101010010101100011100100111010000100101111011010100011000001011101100011100001001000101101010101111110000101001001001110101111000111001011111011101111101000101100000101001100000010100000011101001011011100100001011011100010110001100110100
1010001100000010110111011101001110111001001000011000111001110101100001111010101000101001000011101111000010000100110001001000110001010011011001101101001111100010111110001100110010111010100101100110100110100101110011000110010100110101110100000101010001100110
1001101101001101011001100001101101000110010001100010100000110001011000011010100111101101011001100001000001001010011101101011101011111111011101000110001100000101011100100010110101010100110100111001011001010011010000011100111111001001110111010010101010001111
1010011101001111110011101101100001000111011100101100010011101101001010111010100010110111001111011100111100110111101100001100000100111101110000100010101011001011011001111011011011101000110010001101010110111000111011100100100010101011000110101010000011011011
0110101111000101010010011101110001011100000001000000001011110111010101001011111011010111000011110010111010011110111101001101000101110010011110101111011101011101010100101000010101001101000010100010000100000010011101001101101100100010010001100010110001101011
0110100100001101111000011010001110100000000010101100101000010100110110000001111001010110111001011010110110100010010011001001101010101110001010011010011111010111101000101000001110011101000001110000110010010101100010101101100100111110111100110100010110000011
1000101010100011011011101100111011101001011100000101011101110001011111010100000010111011101111010101010001101101010111100011110100001010100111010010000000111100100101101111010111111111100110110101111000111000110101000111100010101010001101100110110101001101
1111101110011111101000101101000011100011010110000100111101010011100101001110110100001111010011001001101010001000000111110101101001010101000110110111000010100110010000000001011010110101010001110110111111110011001001100101010001111010100101100000110110010000
0101111011111011011101111111010000111010001110011111001110111111100011011100100011111000010101010011110100110111010110000010100101001011001000101101001000010011011100000110001101001101000011111001001100101011101011111000111001100110110011111011110110100110
0000100110100111110101011111001110100011011001010000101100001010010010111001100101101011110011010011001111001101011100110111011110001110000110110000111100011100000100100101010010000110101011010100110110011011011001111010010000010001100001110110001110111110
0110101001110000110101011000110100110000111111111101010110001001010000111011000100001000001101010010100011111101000100000110011011101110001101101111111100101111001110011101111000010100001110010001000100010110010010010101110111011011110110111110011010001000
1011100001111000011000010001101001111011100010011110011001011110011011101000001000000100101000001000100000101001101101110010000001011111101010100010001001001001110001110101111100000100000101000000001011101011011011011011111100100101011110010111010111111001
0010111100111101110100110001010111100110101001110100011010101110000011010110011001001100110001000001000010011111010110000010011001100001001110010011111110110010010010110001100111000110001011010011000010100111111100101100001000100101111110101010110001001100
1101011100011110010101100101001110011101001100101011101111011000001101000110000101111000011111011101101100101111001111110001100000011101011100001110101101110110011111010100100001011101110111111000101111101111010111000011100000010101010001100011111110100110
0110110100101101111000111001010001011011000110100000000100101101011110100110100101011001010100011101111000001011110011010001010000100000000100101101000101010010000000100101111101010000101100000010101111010100101101101111110001011100011001111000000111101101
0101001111100010100100011110001011110101001001011001010001011010110100100001110011100100101001100110100010101111001001111010100111110111001110001101010001010011100101001011001111001001000001110010110111001111001101001101000001011000000110000110001111011101
0011110100010110011110001111010001011001000110101010010001101111110010110100100001010011001110001000010010000011110001101010111011111110100001101101011110101010001110100101111001100011010111111000010111000101011011110101011111111000100110011010111101010101
1000010110010101101010111101110010011001000010100001011111000001000000101100111011111000000000000000110000001100111001001001001010001000000100111011111010110011011011010000011110101000011110001000101101100011001111110001011111101001111101001100010000001100
1110010101100110110100001010111000101101010101110110011110101011000110111101011010011100110001001000010100000101100000011101000000001011111111001011011101111111111000111000101000001110001110001101110010100010010100100010010001110010000101100000010001000100
0010010011100101101100101000110110111010110101011001011110101010011110101011100000000111110011010101011111101111011000101100111101101000111000101001101010101001010110111011010110100010000100101111110011100110000011011110100110001000110010010011001110100011
0111111100110100100101111011010001100110100110100100011111000000100111001010001101100101001010000101001000000110011001001100101111001101101001000110010000000110000110010010111110111111101111101110101000010101110000010101001111011111010010101111110100110000
1010001011001110001011110000110011111011011100010111101111100000111101000111010011001110000101100010110000101110010101000010100011000101111000101101100101100001101010101010100010000011111111001001011100110010010110011100010111010000001101100110111001000101
0000011110011110010001010111010001000111010101110111010101001001111101000001010011110101101010101001100010111110010000111110100010101100111100101110001111101100001111111001010011011101011000000111100000110111010000111011010011000000111110011010001110011000
0000000100010000000001111010011011010110111101101110001100011110000011000110111000010001000011001000110000011101100001111111011001010111100010111011100011111011000010100001010111101110100011111110110110110111100011101100011011000101110101111101011100001100
0110011100101001100111011011001010111001010010100111000001101010101000011011001011111111000011001001000101001000110001110111011111110110111011101101000011101010000001010110100011101000100000100100011001011111011111101010000011110010100111010101010011011000
1111100100011000101101110111011100111101101001010010101000101111101011000110010011011011001011111011011000010011100101000001100000101100111110110100101101011100110001000111000000111001101111100111011010011011100000100010100011101000001110001001011100110110
1000000111001100100011110010100010011000110100110111101100100001011111110100110111100010000001010101000110110101111110110001100110010100101111001110110010100111110001001110001110011010000011101101001111001110111110110011100000001100000110001111010010000010
0111010110000000001011001000010101010001101110110011011101101011100000111110101110011101000101111110011100111000001111111111001010011101010110110011101110010111011111111100010011001110101111010111100010011000101010000010111110100100001111001110110011001100
0100000000011001111000001000000010000101100000111100100010111110010001111000011001010001010101000011100100110010010010111111010011111000011010111110101010111101010010001100110001010111011101010010010100010010110101100001100111110110011010001001010010100111
0110000011001100100110000100100111011000000110011000001001011000100010010000101001000100111011110111100100111011000010001111000011101110011111011010111000110111111000001011100000011100111110001100010110000100100000011110010111110001011001011011001010011110
0010001010011100110011011000111100100011010100000001100001000110011010001010110110000100010000101010010110101111101110011011000101000001010011101000001101111100000010110111101011111010101111110111000000110011001110100011000001101101110010110011000011110110
0000101110100000110110001111101101101110101101110111110101010010100111101010111100101110011010111100111000011010000011010100011101110000100001011010111001000111010010101111010101110011011001100011000111110100110111011001110111001010101001010001011111000010
1100010101100010010001110010000000000110010111110101010010100100000010001010101101001110100110011010010111100100000111001001100000011101001011010111010010100100111100000111110101010010000011110000000011101011100001011011100110110001110011011010011110011000
0010010110001011001010010001101101000001000101000111110010101101000000000010100111110110000110010000000000010111000111110101011011101101110101101111100101000101011110001101011001111101011000011100111001100100010110111000001011010110011001101110101111111011
1000110001001100000001111010001101101001100000000001010111110110000100101101111010111101100111110010000111000001011111001110000001111100010011010101011000001011100011000101000010001101000111001110010001101111111101001010101010111110000011100011101001101000
0111101100111010011110011110100111001001010100101000101011101110111011010010001111101100010111100000101010011110000110110101001101100001100001000001011011111000010000110110111111010101111001001001010101110001110000110000000110011001101101000001110100101110
1110101000100100101000100001111001011011001010100010000110001011110011101000011100100011000001110010100100110000010110000000111010010000011001001110100100100001000000000010110000110100010010110010001000011100111100101001000100100010011001010101101100000010
0100110010011010111110010000010101100001001100111001100100010000110010110010000010101111010000010111111010000001111001100000010001010110100100111011110010011001001010000011000110101100111111011100000010110011000110101011000110011000011110010001110001101011
0101001001111010011111011110101000100100000101100101000111010110100010010010101011101010111110101100010011111011101000000011011100001010101000111011111111000110111010100010101010101111011000000101110101111010000011110011001011011001100001111111100100000111
1100111011010101110011111001110001010111010011000000111011110010101110000001101011000110101100010100000010101000100101110000100100101100010111101111110111101101011111110101011001110001100010011100111111110011110111101100100000110001010000111010100010001001
1101000000000011001101110111000110010010000100000011100110010001001100110000000001101011000001111000111111011000010111011110011111100000101101101100000011010110000010000011101011100101001110110111000001110101011001001110101101101101000010011101100011100010
1000101000010010011111101001111001111010001100101010010110000110001101111101110111110000000011011010101011110101111111100001111110100000111111000110110110001110100000010101011000011000111000101101001011110011000001010100010100000101110110000100000000001111
1100101000110010110100100101011001011111111110100010000110001101001010111000100101101111101011101000111000110100110000110011101011101001010010001101100101001000110001100111111000110100010011000110001000011100111110011010100011010110111111101000001101101000
